-531713
-138016
-537605
-628023
-628128
-628110
-532240
-532294
-533774
-531361
-531325
-537822
-527230
-530714
-534281
-537561
-530888
-530861
-537612
-533510
-537485
-537540
-530732
-530921
-533828
-530843
-530774
-532258
-531289
-537507
-537804
-530807
-531271
-531379
-537525
-530825
-536081
-530906
-114891
-530756
-530792
-535568
-628041
-533750
-628059
-531724
-533726
-530696
-532276
-813610
-531982
-537579
-537774
-533810
-537785
-534306
-628143
-533792
-531397
-535820
-116481
-628077
-535553
-531433